pb
-690
pb
-676
-690
lit1 -1, lit2 0 
pb
-843
-676
-690
lit1 -1, lit2 0 
pb
-930
-843
-676
-690
lit1 0, lit2 -1 
rb
rb
pb
-373
-676
-690
-930
-843
ra
lit1 1, lit2 0 
pb
sb
-373
-602
-676
-690
-930
-843
lit1 1, lit2 0 
pb
sb
-373
-571
-602
-676
-690
-930
-843
ra
lit1 -1, lit2 0 
rrb
pb
-954
-843
-373
-571
-602
-676
-690
-930
lit1 0, lit2 -1 
rb
rb
pb
-328
-373
-571
-602
-676
-690
-930
-954
-843
lit1 3, lit2 0 
rb
rb
pb
sb
-571
-595
-602
-676
-690
-930
-954
-843
-328
-373
lit1 5, lit2 0 
rb
rb
rb
rb
pb
sb
-690
-906
-930
-954
-843
-328
-373
-571
-595
-602
-676
lit1 -1, lit2 0 
rb
rb
rb
rb
pb
-989
-843
-328
-373
-571
-595
-602
-676
-690
-906
-930
-954
lit1 0, lit2 2 
rb
rb
pb
sb
-328
-371
-373
-571
-595
-602
-676
-690
-906
-930
-954
-989
-843
rr
rr
lit1 1, lit2 0 
pb
sb
-373
-483
-571
-595
-602
-676
-690
-906
-930
-954
-989
-843
-328
-371
rr
lit1 1, lit2 0 
pb
sb
-483
-486
-571
-595
-602
-676
-690
-906
-930
-954
-989
-843
-328
-371
-373
lit1 2, lit2 0 
rb
pb
sb
-486
-512
-571
-595
-602
-676
-690
-906
-930
-954
-989
-843
-328
-371
-373
-483
lit1 7, lit2 0 
rb
rb
rb
rb
rb
rb
pb
sb
-690
-862
-906
-930
-954
-989
-843
-328
-371
-373
-483
-486
-512
-571
-595
-602
-676
lit1 0, lit2 7 
rrb
rrb
rrb
rrb
pb
sb
-571
-581
-595
-602
-676
-690
-862
-906
-930
-954
-989
-843
-328
-371
-373
-483
-486
-512
rr
lit1 1, lit2 0 
pb
sb
-581
-582
-595
-602
-676
-690
-862
-906
-930
-954
-989
-843
-328
-371
-373
-483
-486
-512
-571
lit1 10, lit2 0 
rb
rb
rb
rb
rb
rb
rb
rb
rb
pb
sb
-954
-980
-989
-843
-328
-371
-373
-483
-486
-512
-571
-581
-582
-595
-602
-676
-690
-862
-906
-930
ra
lit1 0, lit2 4 
rrb
rrb
rrb
rrb
pb
sb
-690
-765
-862
-906
-930
-954
-980
-989
-843
-328
-371
-373
-483
-486
-512
-571
-581
-582
-595
-602
-676
ra
lit1 0, lit2 9 
rrb
rrb
rrb
rrb
rrb
rrb
rrb
rrb
rrb
rrb
pb
sb
-373
-470
-483
-486
-512
-571
-581
-582
-595
-602
-676
-690
-765
-862
-906
-930
-954
-980
-989
-843
-328
-371
lit1 14, lit2 0 
rrb
rrb
rrb
rrb
rrb
rrb
rrb
rrb
rrb
pb
sb
-862
-884
-906
-930
-954
-980
-989
-843
-328
-371
-373
-470
-483
-486
-512
-571
-581
-582
-595
-602
-676
-690
-765
ra
lit1 -1, lit2 0 
rb
rb
rb
rb
rb
rb
rb
pb
-993
-843
-328
-371
-373
-470
-483
-486
-512
-571
-581
-582
-595
-602
-676
-690
-765
-862
-884
-906
-930
-954
-980
-989
lit1 0, lit2 2 
rrb
rrb
rrb
rrb
rrb
rrb
rrb
rrb
pb
sb
-765
-835
-862
-884
-906
-930
-954
-980
-989
-993
-843
-328
-371
-373
-470
-483
-486
-512
-571
-581
-582
-595
-602
-676
-690
lit1 0, lit2 11 
rrb
rrb
rrb
rrb
rrb
rrb
rrb
rrb
rrb
rrb
rrb
rrb
pb
sb
-373
-448
-470
-483
-486
-512
-571
-581
-582
-595
-602
-676
-690
-765
-835
-862
-884
-906
-930
-954
-980
-989
-993
-843
-328
-371
lit1 2, lit2 0 
rb
pb
sb
-448
-456
-470
-483
-486
-512
-571
-581
-582
-595
-602
-676
-690
-765
-835
-862
-884
-906
-930
-954
-980
-989
-993
-843
-328
-371
-373
lit1 11, lit2 0 
rb
rb
rb
rb
rb
rb
rb
rb
rb
rb
pb
sb
-602
-631
-676
-690
-765
-835
-862
-884
-906
-930
-954
-980
-989
-993
-843
-328
-371
-373
-448
-456
-470
-483
-486
-512
-571
-581
-582
-595
rr
lit1 9, lit2 0 
rb
rb
rb
rb
rb
rb
rb
rb
pb
sb
-930
-932
-954
-980
-989
-993
-843
-328
-371
-373
-448
-456
-470
-483
-486
-512
-571
-581
-582
-595
-602
-631
-676
-690
-765
-835
-862
-884
-906
rr
lit1 0, lit2 6 
rb
rb
rb
rb
rb
rb
rb
rb
rb
rb
rb
pb
sb
-470
-479
-483
-486
-512
-571
-581
-582
-595
-602
-631
-676
-690
-765
-835
-862
-884
-906
-930
-932
-954
-980
-989
-993
-843
-328
-371
-373
-448
-456
lit1 11, lit2 0 
rb
rb
rb
rb
rb
rb
rb
rb
rb
rb
pb
sb
-631
-667
-676
-690
-765
-835
-862
-884
-906
-930
-932
-954
-980
-989
-993
-843
-328
-371
-373
-448
-456
-470
-479
-483
-486
-512
-571
-581
-582
-595
-602
lit1 6, lit2 0 
rb
rb
rb
rb
rb
pb
sb
-835
-839
-862
-884
-906
-930
-932
-954
-980
-989
-993
-843
-328
-371
-373
-448
-456
-470
-479
-483
-486
-512
-571
-581
-582
-595
-602
-631
-667
-676
-690
-765
lit1 0, lit2 12 
rrb
rrb
rrb
rrb
rrb
rrb
rrb
rrb
rrb
rrb
rrb
pb
sb
-512
-520
-571
-581
-582
-595
-602
-631
-667
-676
-690
-765
-835
-839
-862
-884
-906
-930
-932
-954
-980
-989
-993
-843
-328
-371
-373
-448
-456
-470
-479
-483
-486
lit1 9, lit2 0 
rb
rb
rb
rb
rb
rb
rb
rb
pb
sb
-667
-670
-676
-690
-765
-835
-839
-862
-884
-906
-930
-932
-954
-980
-989
-993
-843
-328
-371
-373
-448
-456
-470
-479
-483
-486
-512
-520
-571
-581
-582
-595
-602
-631
lit1 9, lit2 0 
rb
rb
rb
rb
rb
rb
rb
rb
pb
sb
-884
-903
-906
-930
-932
-954
-980
-989
-993
-843
-328
-371
-373
-448
-456
-470
-479
-483
-486
-512
-520
-571
-581
-582
-595
-602
-631
-667
-670
-676
-690
-765
-835
-839
-862
ra
ra
ra
ra
lit1 0, lit2 10 
rrb
rrb
rrb
rrb
rrb
rrb
rrb
rrb
rrb
rrb
rrb
rrb
rrb
rrb
rrb
pb
sb
-520
-570
-571
-581
-582
-595
-602
-631
-667
-670
-676
-690
-765
-835
-839
-862
-884
-903
-906
-930
-932
-954
-980
-989
-993
-843
-328
-371
-373
-448
-456
-470
-479
-483
-486
-512
lit1 12, lit2 0 
rb
rb
rb
rb
rb
rb
rb
rb
rb
rb
rb
pb
sb
-690
-721
-765
-835
-839
-862
-884
-903
-906
-930
-932
-954
-980
-989
-993
-843
-328
-371
-373
-448
-456
-470
-479
-483
-486
-512
-520
-570
-571
-581
-582
-595
-602
-631
-667
-670
-676
lit1 3, lit2 0 
rb
rb
pb
sb
-765
-833
-835
-839
-862
-884
-903
-906
-930
-932
-954
-980
-989
-993
-843
-328
-371
-373
-448
-456
-470
-479
-483
-486
-512
-520
-570
-571
-581
-582
-595
-602
-631
-667
-670
-676
-690
-721
rr
rr
lit1 3, lit2 0 
rb
rb
pb
sb
-862
-881
-884
-903
-906
-930
-932
-954
-980
-989
-993
-843
-328
-371
-373
-448
-456
-470
-479
-483
-486
-512
-520
-570
-571
-581
-582
-595
-602
-631
-667
-670
-676
-690
-721
-765
-833
-835
-839
lit1 8, lit2 0 
rb
rb
rb
rb
rb
rb
rb
pb
sb
-954
-965
-980
-989
-993
-843
-328
-371
-373
-448
-456
-470
-479
-483
-486
-512
-520
-570
-571
-581
-582
-595
-602
-631
-667
-670
-676
-690
-721
-765
-833
-835
-839
-862
-881
-884
-903
-906
-930
-932
ra
ra
ra
lit1 0, lit2 6 
rrb
rrb
rrb
rrb
rrb
rrb
rrb
rrb
rrb
rrb
rrb
rrb
rrb
rrb
rrb
rrb
rrb
rrb
pb
sb
-602
-626
-631
-667
-670
-676
-690
-721
-765
-833
-835
-839
-862
-881
-884
-903
-906
-930
-932
-954
-965
-980
-989
-993
-843
-328
-371
-373
-448
-456
-470
-479
-483
-486
-512
-520
-570
-571
-581
-582
-595
rr
rr
rr
rr
rr
rr
rr
ra
ra
ra
ra
lit1 1, lit2 0 
pb
sb
-721
-750
-765
-833
-835
-839
-862
-881
-884
-903
-906
-930
-932
-954
-965
-980
-989
-993
-843
-328
-371
-373
-448
-456
-470
-479
-483
-486
-512
-520
-570
-571
-581
-582
-595
-602
-626
-631
-667
-670
-676
-690
lit1 0, lit2 19 
rrb
rrb
pb
sb
-676
-684
-690
-721
-750
-765
-833
-835
-839
-862
-881
-884
-903
-906
-930
-932
-954
-965
-980
-989
-993
-843
-328
-371
-373
-448
-456
-470
-479
-483
-486
-512
-520
-570
-571
-581
-582
-595
-602
-626
-631
-667
-670
lit1 0, lit2 22 
rrb
rrb
rrb
rrb
rrb
pb
sb
-602
-621
-626
-631
-667
-670
-676
-684
-690
-721
-750
-765
-833
-835
-839
-862
-881
-884
-903
-906
-930
-932
-954
-965
-980
-989
-993
-843
-328
-371
-373
-448
-456
-470
-479
-483
-486
-512
-520
-570
-571
-581
-582
-595
lit1 15, lit2 0 
rb
rb
rb
rb
rb
rb
rb
rb
rb
rb
rb
rb
rb
rb
pb
sb
-839
-856
-862
-881
-884
-903
-906
-930
-932
-954
-965
-980
-989
-993
-843
-328
-371
-373
-448
-456
-470
-479
-483
-486
-512
-520
-570
-571
-581
-582
-595
-602
-621
-626
-631
-667
-670
-676
-684
-690
-721
-750
-765
-833
-835
ra
ra
lit1 0, lit2 15 
rrb
rrb
rrb
rrb
rrb
pb
sb
-721
-724
-750
-765
-833
-835
-839
-856
-862
-881
-884
-903
-906
-930
-932
-954
-965
-980
-989
-993
-843
-328
-371
-373
-448
-456
-470
-479
-483
-486
-512
-520
-570
-571
-581
-582
-595
-602
-621
-626
-631
-667
-670
-676
-684
-690
lit1 7, lit2 0 
rb
rb
rb
rb
rb
rb
pb
sb
-839
-844
-856
-862
-881
-884
-903
-906
-930
-932
-954
-965
-980
-989
-993
-843
-328
-371
-373
-448
-456
-470
-479
-483
-486
-512
-520
-570
-571
-581
-582
-595
-602
-621
-626
-631
-667
-670
-676
-684
-690
-721
-724
-750
-765
-833
-835
rr
rr
rr
rr
lit1 2, lit2 0 
rb
pb
sb
-884
-902
-903
-906
-930
-932
-954
-965
-980
-989
-993
-843
-328
-371
-373
-448
-456
-470
-479
-483
-486
-512
-520
-570
-571
-581
-582
-595
-602
-621
-626
-631
-667
-670
-676
-684
-690
-721
-724
-750
-765
-833
-835
-839
-844
-856
-862
-881
ra
ra
ra
lit1 0, lit2 12 
rrb
rrb
rrb
rrb
rrb
rrb
rrb
rrb
pb
sb
-765
-771
-833
-835
-839
-844
-856
-862
-881
-884
-902
-903
-906
-930
-932
-954
-965
-980
-989
-993
-843
-328
-371
-373
-448
-456
-470
-479
-483
-486
-512
-520
-570
-571
-581
-582
-595
-602
-621
-626
-631
-667
-670
-676
-684
-690
-721
-724
-750
lit1 -1, lit2 0 
rb
rb
rb
rb
rb
rb
rb
rb
rb
rb
rb
rb
rb
rb
rb
rb
rb
rb
rb
rb
pb
-999
-843
-328
-371
-373
-448
-456
-470
-479
-483
-486
-512
-520
-570
-571
-581
-582
-595
-602
-621
-626
-631
-667
-670
-676
-684
-690
-721
-724
-750
-765
-771
-833
-835
-839
-844
-856
-862
-881
-884
-902
-903
-906
-930
-932
-954
-965
-980
-989
-993
ra
ra
lit1 0, lit2 2 
rrb
rrb
rrb
rrb
rrb
rrb
rrb
rrb
rrb
rrb
rrb
rrb
rrb
rrb
rrb
rrb
rrb
rrb
rrb
rrb
rrb
rrb
pb
sb
-724
-726
-750
-765
-771
-833
-835
-839
-844
-856
-862
-881
-884
-902
-903
-906
-930
-932
-954
-965
-980
-989
-993
-999
-843
-328
-371
-373
-448
-456
-470
-479
-483
-486
-512
-520
-570
-571
-581
-582
-595
-602
-621
-626
-631
-667
-670
-676
-684
-690
-721
lit1 5, lit2 0 
rb
rb
rb
rb
pb
sb
-771
-775
-833
-835
-839
-844
-856
-862
-881
-884
-902
-903
-906
-930
-932
-954
-965
-980
-989
-993
-999
-843
-328
-371
-373
-448
-456
-470
-479
-483
-486
-512
-520
-570
-571
-581
-582
-595
-602
-621
-626
-631
-667
-670
-676
-684
-690
-721
-724
-726
-750
-765
rr
lit1 13, lit2 0 
rb
rb
rb
rb
rb
rb
rb
rb
rb
rb
rb
rb
pb
sb
-930
-931
-932
-954
-965
-980
-989
-993
-999
-843
-328
-371
-373
-448
-456
-470
-479
-483
-486
-512
-520
-570
-571
-581
-582
-595
-602
-621
-626
-631
-667
-670
-676
-684
-690
-721
-724
-726
-750
-765
-771
-775
-833
-835
-839
-844
-856
-862
-881
-884
-902
-903
-906
lit1 0, lit2 10 
rrb
rrb
rrb
rrb
rrb
rrb
rrb
rrb
rrb
rrb
rrb
rrb
pb
sb
-775
-816
-833
-835
-839
-844
-856
-862
-881
-884
-902
-903
-906
-930
-931
-932
-954
-965
-980
-989
-993
-999
-843
-328
-371
-373
-448
-456
-470
-479
-483
-486
-512
-520
-570
-571
-581
-582
-595
-602
-621
-626
-631
-667
-670
-676
-684
-690
-721
-724
-726
-750
-765
-771
lit1 10, lit2 0 
rb
rb
rb
rb
rb
rb
rb
rb
rb
pb
sb
-884
-894
-902
-903
-906
-930
-931
-932
-954
-965
-980
-989
-993
-999
-843
-328
-371
-373
-448
-456
-470
-479
-483
-486
-512
-520
-570
-571
-581
-582
-595
-602
-621
-626
-631
-667
-670
-676
-684
-690
-721
-724
-726
-750
-765
-771
-775
-816
-833
-835
-839
-844
-856
-862
-881
lit1 0, lit2 15 
rrb
rrb
rrb
rrb
rrb
rrb
rrb
rrb
rrb
rrb
rrb
rrb
rrb
rrb
rrb
rrb
pb
sb
-690
-719
-721
-724
-726
-750
-765
-771
-775
-816
-833
-835
-839
-844
-856
-862
-881
-884
-894
-902
-903
-906
-930
-931
-932
-954
-965
-980
-989
-993
-999
-843
-328
-371
-373
-448
-456
-470
-479
-483
-486
-512
-520
-570
-571
-581
-582
-595
-602
-621
-626
-631
-667
-670
-676
-684
lit1 0, lit2 -1 
rrb
rrb
rrb
rrb
rrb
rrb
rrb
rrb
rrb
rrb
rrb
rrb
rrb
rrb
rrb
rrb
rrb
rrb
rrb
rrb
rrb
rrb
rrb
rrb
pb
-249
-328
-371
-373
-448
-456
-470
-479
-483
-486
-512
-520
-570
-571
-581
-582
-595
-602
-621
-626
-631
-667
-670
-676
-684
-690
-719
-721
-724
-726
-750
-765
-771
-775
-816
-833
-835
-839
-844
-856
-862
-881
-884
-894
-902
-903
-906
-930
-931
-932
-954
-965
-980
-989
-993
-999
-843
lit1 0, lit2 -1 
pb
-121
-249
-328
-371
-373
-448
-456
-470
-479
-483
-486
-512
-520
-570
-571
-581
-582
-595
-602
-621
-626
-631
-667
-670
-676
-684
-690
-719
-721
-724
-726
-750
-765
-771
-775
-816
-833
-835
-839
-844
-856
-862
-881
-884
-894
-902
-903
-906
-930
-931
-932
-954
-965
-980
-989
-993
-999
-843
rra
rra
rra
rra
rra
rra
rra
rra
rra
rra
rra
rra
rra
rra
rra
rra
rra
rra
rra
rra
rra
rra
rra
rra
rra
lit1 0, lit2 -1 
pb
-38
-121
-249
-328
-371
-373
-448
-456
-470
-479
-483
-486
-512
-520
-570
-571
-581
-582
-595
-602
-621
-626
-631
-667
-670
-676
-684
-690
-719
-721
-724
-726
-750
-765
-771
-775
-816
-833
-835
-839
-844
-856
-862
-881
-884
-894
-902
-903
-906
-930
-931
-932
-954
-965
-980
-989
-993
-999
-843
rra
rra
rra
rra
rra
rra
rra
rra
rra
rra
rra
rra
rra
rra
rra
rra
rra
rra
rra
rra
rra
rra
rra
rra
rra
lit1 6, lit2 0 
rr
rr
rr
rr
rr
pb
-331
-373
-448
-456
-470
-479
-483
-486
-512
-520
-570
-571
-581
-582
-595
-602
-621
-626
-631
-667
-670
-676
-684
-690
-719
-721
-724
-726
-750
-765
-771
-775
-816
-833
-835
-839
-844
-856
-862
-881
-884
-894
-902
-903
-906
-930
-931
-932
-954
-965
-980
-989
-993
-999
-843
-38
-121
-249
-328
-371
rra
rra
rra
rra
rra
rra
rra
rra
rra
rra
rra
rra
rra
rra
rra
rra
rra
rra
rra
rra
rra
rra
rra
rra
lit1 2, lit2 0 
rr
pb
-91
-373
-448
-456
-470
-479
-483
-486
-512
-520
-570
-571
-581
-582
-595
-602
-621
-626
-631
-667
-670
-676
-684
-690
-719
-721
-724
-726
-750
-765
-771
-775
-816
-833
-835
-839
-844
-856
-862
-881
-884
-894
-902
-903
-906
-930
-931
-932
-954
-965
-980
-989
-993
-999
-843
-38
-121
-249
-328
-371
-331
rra
rra
rra
rra
rra
rra
rra
rra
rra
rra
rra
rra
rra
rra
rra
rra
rra
rra
rra
rra
rra
rra
rra
lit1 2, lit2 0 
rr
pb
sb
-373
-442
-448
-456
-470
-479
-483
-486
-512
-520
-570
-571
-581
-582
-595
-602
-621
-626
-631
-667
-670
-676
-684
-690
-719
-721
-724
-726
-750
-765
-771
-775
-816
-833
-835
-839
-844
-856
-862
-881
-884
-894
-902
-903
-906
-930
-931
-932
-954
-965
-980
-989
-993
-999
-843
-38
-121
-249
-328
-371
-331
-91
rrr
rrr
rrr
rrr
rrr
rrr
rrr
rrr
rrr
rrr
rrr
rrr
rrr
rrr
rrr
rrr
rrr
rrr
rrr
rrr
rrr
rrr
lit1 0, lit2 15 
rr
rr
rr
rr
rr
rr
rr
rr
rr
rr
rr
rr
rr
rr
rr
rr
rb
pb
sb
-249
-529
-328
-371
-331
-91
-373
-442
-448
-456
-470
-479
-483
-486
-512
-520
-570
-571
-581
-582
-595
-602
-621
-626
-631
-667
-670
-676
-684
-690
-719
-721
-724
-726
-750
-765
-771
-775
-816
-833
-835
-839
-844
-856
-862
-881
-884
-894
-902
-903
-906
-930
-931
-932
-954
-965
-980
-989
-993
-999
-843
-38
-121
rra
rra
rra
rra
rra
rra
rra
rra
rra
rra
rra
rra
rra
rra
rra
rra
rra
rra
rra
rra
rra
rra
lit1 0, lit2 5 
rr
rr
rr
rr
rr
pb
sb
-91
-411
-373
-442
-448
-456
-470
-479
-483
-486
-512
-520
-570
-571
-581
-582
-595
-602
-621
-626
-631
-667
-670
-676
-684
-690
-719
-721
-724
-726
-750
-765
-771
-775
-816
-833
-835
-839
-844
-856
-862
-881
-884
-894
-902
-903
-906
-930
-931
-932
-954
-965
-980
-989
-993
-999
-843
-38
-121
-249
-529
-328
-371
-331
rra
rra
rra
rra
rra
rra
rra
rra
rra
rra
rra
rra
rra
rra
rra
rra
rra
rra
rra
rra
rra
lit1 1, lit2 0 
pb
sb
-91
-319
-411
-373
-442
-448
-456
-470
-479
-483
-486
-512
-520
-570
-571
-581
-582
-595
-602
-621
-626
-631
-667
-670
-676
-684
-690
-719
-721
-724
-726
-750
-765
-771
-775
-816
-833
-835
-839
-844
-856
-862
-881
-884
-894
-902
-903
-906
-930
-931
-932
-954
-965
-980
-989
-993
-999
-843
-38
-121
-249
-529
-328
-371
-331
rra
rra
rra
rra
rra
rra
rra
rra
rra
rra
rra
rra
rra
rra
rra
rra
rra
rra
rra
rra
rra
lit1 1, lit2 0 
pb
sb
-91
-130
-319
-411
-373
-442
-448
-456
-470
-479
-483
-486
-512
-520
-570
-571
-581
-582
-595
-602
-621
-626
-631
-667
-670
-676
-684
-690
-719
-721
-724
-726
-750
-765
-771
-775
-816
-833
-835
-839
-844
-856
-862
-881
-884
-894
-902
-903
-906
-930
-931
-932
-954
-965
-980
-989
-993
-999
-843
-38
-121
-249
-529
-328
-371
-331
rra
rra
rra
rra
rra
rra
rra
rra
rra
rra
rra
rra
rra
rra
rra
rra
rra
rra
rra
rra
lit1 6, lit2 0 
rr
rr
rr
rr
rr
pb
sb
-442
-578
-448
-456
-470
-479
-483
-486
-512
-520
-570
-571
-581
-582
-595
-602
-621
-626
-631
-667
-670
-676
-684
-690
-719
-721
-724
-726
-750
-765
-771
-775
-816
-833
-835
-839
-844
-856
-862
-881
-884
-894
-902
-903
-906
-930
-931
-932
-954
-965
-980
-989
-993
-999
-843
-38
-121
-249
-529
-328
-371
-331
-91
-130
-319
-411
-373
rrr
rrr
rrr
rrr
rrr
rrr
rrr
rrr
rrr
rrr
rrr
rrr
rrr
rrr
rrr
rrr
rrr
rrr
rrr
rrr
lit1 0, lit2 8 
rr
rr
rr
rr
rr
rr
rr
rr
pb
-30
-38
-121
-249
-529
-328
-371
-331
-91
-130
-319
-411
-373
-442
-578
-448
-456
-470
-479
-483
-486
-512
-520
-570
-571
-581
-582
-595
-602
-621
-626
-631
-667
-670
-676
-684
-690
-719
-721
-724
-726
-750
-765
-771
-775
-816
-833
-835
-839
-844
-856
-862
-881
-884
-894
-902
-903
-906
-930
-931
-932
-954
-965
-980
-989
-993
-999
-843
rra
rra
rra
rra
rra
rra
rra
rra
rra
rra
rra
rra
rra
rra
rra
rra
rra
rra
rra
lit1 4, lit2 0 
rr
rr
rr
pb
-65
-249
-529
-328
-371
-331
-91
-130
-319
-411
-373
-442
-578
-448
-456
-470
-479
-483
-486
-512
-520
-570
-571
-581
-582
-595
-602
-621
-626
-631
-667
-670
-676
-684
-690
-719
-721
-724
-726
-750
-765
-771
-775
-816
-833
-835
-839
-844
-856
-862
-881
-884
-894
-902
-903
-906
-930
-931
-932
-954
-965
-980
-989
-993
-999
-843
-30
-38
-121
rra
rra
rra
rra
rra
rra
rra
rra
rra
rra
rra
rra
rra
rra
rra
rra
rra
rra
rra
lit1 2, lit2 0 
rr
pb
sb
-249
-275
-529
-328
-371
-331
-91
-130
-319
-411
-373
-442
-578
-448
-456
-470
-479
-483
-486
-512
-520
-570
-571
-581
-582
-595
-602
-621
-626
-631
-667
-670
-676
-684
-690
-719
-721
-724
-726
-750
-765
-771
-775
-816
-833
-835
-839
-844
-856
-862
-881
-884
-894
-902
-903
-906
-930
-931
-932
-954
-965
-980
-989
-993
-999
-843
-30
-38
-121
-65
rra
rra
rra
rra
rra
rra
rra
rra
rra
rra
rra
rra
rra
rra
rra
rra
rra
rra
lit1 12, lit2 0 
rr
rr
rr
rr
rr
rr
rr
rr
rr
rr
rr
pb
-105
-442
-578
-448
-456
-470
-479
-483
-486
-512
-520
-570
-571
-581
-582
-595
-602
-621
-626
-631
-667
-670
-676
-684
-690
-719
-721
-724
-726
-750
-765
-771
-775
-816
-833
-835
-839
-844
-856
-862
-881
-884
-894
-902
-903
-906
-930
-931
-932
-954
-965
-980
-989
-993
-999
-843
-30
-38
-121
-65
-249
-275
-529
-328
-371
-331
-91
-130
-319
-411
-373
rra
rra
rra
rra
rra
rra
rra
rra
rra
rra
rra
rra
rra
rra
rra
rra
rra
lit1 2, lit2 0 
rr
pb
sb
-442
-446
-578
-448
-456
-470
-479
-483
-486
-512
-520
-570
-571
-581
-582
-595
-602
-621
-626
-631
-667
-670
-676
-684
-690
-719
-721
-724
-726
-750
-765
-771
-775
-816
-833
-835
-839
-844
-856
-862
-881
-884
-894
-902
-903
-906
-930
-931
-932
-954
-965
-980
-989
-993
-999
-843
-30
-38
-121
-65
-249
-275
-529
-328
-371
-331
-91
-130
-319
-411
-373
-105
rrr
rrr
rrr
rrr
rrr
rrr
rrr
rrr
rrr
rrr
rrr
rrr
rrr
rrr
rrr
rrr
lit1 5, lit2 0 
rr
rr
rr
rr
pb
-182
-249
-275
-529
-328
-371
-331
-91
-130
-319
-411
-373
-105
-442
-446
-578
-448
-456
-470
-479
-483
-486
-512
-520
-570
-571
-581
-582
-595
-602
-621
-626
-631
-667
-670
-676
-684
-690
-719
-721
-724
-726
-750
-765
-771
-775
-816
-833
-835
-839
-844
-856
-862
-881
-884
-894
-902
-903
-906
-930
-931
-932
-954
-965
-980
-989
-993
-999
-843
-30
-38
-121
-65
rra
rra
rra
rra
rra
rra
rra
rra
rra
rra
rra
rra
rra
rra
rra
rra
lit1 0, lit2 7 
rr
rr
rr
rr
rr
rr
rr
pb
0
-91
-130
-319
-411
-373
-105
-442
-446
-578
-448
-456
-470
-479
-483
-486
-512
-520
-570
-571
-581
-582
-595
-602
-621
-626
-631
-667
-670
-676
-684
-690
-719
-721
-724
-726
-750
-765
-771
-775
-816
-833
-835
-839
-844
-856
-862
-881
-884
-894
-902
-903
-906
-930
-931
-932
-954
-965
-980
-989
-993
-999
-843
-30
-38
-121
-65
-182
-249
-275
-529
-328
-371
-331
rra
rra
rra
rra
rra
rra
rra
rra
rra
rra
rra
rra
rra
rra
rra
lit1 4, lit2 0 
rr
rr
rr
pb
sb
-319
-396
-411
-373
-105
-442
-446
-578
-448
-456
-470
-479
-483
-486
-512
-520
-570
-571
-581
-582
-595
-602
-621
-626
-631
-667
-670
-676
-684
-690
-719
-721
-724
-726
-750
-765
-771
-775
-816
-833
-835
-839
-844
-856
-862
-881
-884
-894
-902
-903
-906
-930
-931
-932
-954
-965
-980
-989
-993
-999
-843
-30
-38
-121
-65
-182
-249
-275
-529
-328
-371
-331
0
-91
-130
rra
rra
rra
rra
rra
rra
rra
rra
rra
rra
rra
rra
rra
rra
rra
lit1 1, lit2 0 
pb
sb
-319
-392
-396
-411
-373
-105
-442
-446
-578
-448
-456
-470
-479
-483
-486
-512
-520
-570
-571
-581
-582
-595
-602
-621
-626
-631
-667
-670
-676
-684
-690
-719
-721
-724
-726
-750
-765
-771
-775
-816
-833
-835
-839
-844
-856
-862
-881
-884
-894
-902
-903
-906
-930
-931
-932
-954
-965
-980
-989
-993
-999
-843
-30
-38
-121
-65
-182
-249
-275
-529
-328
-371
-331
0
-91
-130
rra
rra
rra
rra
rra
rra
rra
rra
rra
rra
rra
rra
rra
rra
lit1 0, lit2 5 
rr
rr
rr
rr
rr
pb
sb
-105
-359
-442
-446
-578
-448
-456
-470
-479
-483
-486
-512
-520
-570
-571
-581
-582
-595
-602
-621
-626
-631
-667
-670
-676
-684
-690
-719
-721
-724
-726
-750
-765
-771
-775
-816
-833
-835
-839
-844
-856
-862
-881
-884
-894
-902
-903
-906
-930
-931
-932
-954
-965
-980
-989
-993
-999
-843
-30
-38
-121
-65
-182
-249
-275
-529
-328
-371
-331
0
-91
-130
-319
-392
-396
-411
-373
rrr
rrr
rrr
rrr
rrr
rrr
rrr
rrr
rrr
rrr
rrr
rrr
rrr
rrr
lit1 0, lit2 6 
rr
rr
rr
rr
rr
rr
pb
sb
0
-113
-91
-130
-319
-392
-396
-411
-373
-105
-359
-442
-446
-578
-448
-456
-470
-479
-483
-486
-512
-520
-570
-571
-581
-582
-595
-602
-621
-626
-631
-667
-670
-676
-684
-690
-719
-721
-724
-726
-750
-765
-771
-775
-816
-833
-835
-839
-844
-856
-862
-881
-884
-894
-902
-903
-906
-930
-931
-932
-954
-965
-980
-989
-993
-999
-843
-30
-38
-121
-65
-182
-249
-275
-529
-328
-371
-331
rra
rra
rra
rra
rra
rra
rra
rra
rra
rra
rra
rra
rra
lit1 1, lit2 0 
pb
sb
0
-100
-113
-91
-130
-319
-392
-396
-411
-373
-105
-359
-442
-446
-578
-448
-456
-470
-479
-483
-486
-512
-520
-570
-571
-581
-582
-595
-602
-621
-626
-631
-667
-670
-676
-684
-690
-719
-721
-724
-726
-750
-765
-771
-775
-816
-833
-835
-839
-844
-856
-862
-881
-884
-894
-902
-903
-906
-930
-931
-932
-954
-965
-980
-989
-993
-999
-843
-30
-38
-121
-65
-182
-249
-275
-529
-328
-371
-331
rra
rra
rra
rra
rra
rra
rra
rra
rra
rra
rra
rra
rra
lit1 6, lit2 0 
rr
rr
rr
rr
rr
pb
-230
-319
-392
-396
-411
-373
-105
-359
-442
-446
-578
-448
-456
-470
-479
-483
-486
-512
-520
-570
-571
-581
-582
-595
-602
-621
-626
-631
-667
-670
-676
-684
-690
-719
-721
-724
-726
-750
-765
-771
-775
-816
-833
-835
-839
-844
-856
-862
-881
-884
-894
-902
-903
-906
-930
-931
-932
-954
-965
-980
-989
-993
-999
-843
-30
-38
-121
-65
-182
-249
-275
-529
-328
-371
-331
0
-100
-113
-91
-130
lit1 1, lit2 0 
pb
sb
-230
-282
-319
-392
-396
-411
-373
-105
-359
-442
-446
-578
-448
-456
-470
-479
-483
-486
-512
-520
-570
-571
-581
-582
-595
-602
-621
-626
-631
-667
-670
-676
-684
-690
-719
-721
-724
-726
-750
-765
-771
-775
-816
-833
-835
-839
-844
-856
-862
-881
-884
-894
-902
-903
-906
-930
-931
-932
-954
-965
-980
-989
-993
-999
-843
-30
-38
-121
-65
-182
-249
-275
-529
-328
-371
-331
0
-100
-113
-91
-130
lit1 3, lit2 0 
rb
rb
pb
sb
-319
-343
-392
-396
-411
-373
-105
-359
-442
-446
-578
-448
-456
-470
-479
-483
-486
-512
-520
-570
-571
-581
-582
-595
-602
-621
-626
-631
-667
-670
-676
-684
-690
-719
-721
-724
-726
-750
-765
-771
-775
-816
-833
-835
-839
-844
-856
-862
-881
-884
-894
-902
-903
-906
-930
-931
-932
-954
-965
-980
-989
-993
-999
-843
-30
-38
-121
-65
-182
-249
-275
-529
-328
-371
-331
0
-100
-113
-91
-130
-230
-282
lit1 0, lit2 64 
rrb
rrb
rrb
rrb
rrb
rrb
rrb
rrb
rrb
rrb
rrb
rrb
rrb
rrb
rrb
rrb
rrb
rrb
pb
sb
-30
-33
-38
-121
-65
-182
-249
-275
-529
-328
-371
-331
0
-100
-113
-91
-130
-230
-282
-319
-343
-392
-396
-411
-373
-105
-359
-442
-446
-578
-448
-456
-470
-479
-483
-486
-512
-520
-570
-571
-581
-582
-595
-602
-621
-626
-631
-667
-670
-676
-684
-690
-719
-721
-724
-726
-750
-765
-771
-775
-816
-833
-835
-839
-844
-856
-862
-881
-884
-894
-902
-903
-906
-930
-931
-932
-954
-965
-980
-989
-993
-999
-843
lit1 3, lit2 0 
rb
rb
pb
sb
-38
-59
-121
-65
-182
-249
-275
-529
-328
-371
-331
0
-100
-113
-91
-130
-230
-282
-319
-343
-392
-396
-411
-373
-105
-359
-442
-446
-578
-448
-456
-470
-479
-483
-486
-512
-520
-570
-571
-581
-582
-595
-602
-621
-626
-631
-667
-670
-676
-684
-690
-719
-721
-724
-726
-750
-765
-771
-775
-816
-833
-835
-839
-844
-856
-862
-881
-884
-894
-902
-903
-906
-930
-931
-932
-954
-965
-980
-989
-993
-999
-843
-30
-33
lit1 7, lit2 0 
rb
rb
rb
rb
rb
rb
pb
sb
-275
-383
-529
-328
-371
-331
0
-100
-113
-91
-130
-230
-282
-319
-343
-392
-396
-411
-373
-105
-359
-442
-446
-578
-448
-456
-470
-479
-483
-486
-512
-520
-570
-571
-581
-582
-595
-602
-621
-626
-631
-667
-670
-676
-684
-690
-719
-721
-724
-726
-750
-765
-771
-775
-816
-833
-835
-839
-844
-856
-862
-881
-884
-894
-902
-903
-906
-930
-931
-932
-954
-965
-980
-989
-993
-999
-843
-30
-33
-38
-59
-121
-65
-182
-249
lit1 0, lit2 6 
rb
rb
rb
rb
rb
rb
rb
rb
rb
pb
sb
-91
-115
-130
-230
-282
-319
-343
-392
-396
-411
-373
-105
-359
-442
-446
-578
-448
-456
-470
-479
-483
-486
-512
-520
-570
-571
-581
-582
-595
-602
-621
-626
-631
-667
-670
-676
-684
-690
-719
-721
-724
-726
-750
-765
-771
-775
-816
-833
-835
-839
-844
-856
-862
-881
-884
-894
-902
-903
-906
-930
-931
-932
-954
-965
-980
-989
-993
-999
-843
-30
-33
-38
-59
-121
-65
-182
-249
-275
-383
-529
-328
-371
-331
0
-100
-113
lit1 15, lit2 0 
rb
rb
rb
rb
rb
rb
rb
rb
rb
rb
rb
rb
rb
rb
pb
sb
-446
-460
-578
-448
-456
-470
-479
-483
-486
-512
-520
-570
-571
-581
-582
-595
-602
-621
-626
-631
-667
-670
-676
-684
-690
-719
-721
-724
-726
-750
-765
-771
-775
-816
-833
-835
-839
-844
-856
-862
-881
-884
-894
-902
-903
-906
-930
-931
-932
-954
-965
-980
-989
-993
-999
-843
-30
-33
-38
-59
-121
-65
-182
-249
-275
-383
-529
-328
-371
-331
0
-100
-113
-91
-115
-130
-230
-282
-319
-343
-392
-396
-411
-373
-105
-359
-442
lit1 0, lit2 70 
rrb
rrb
rrb
rrb
rrb
rrb
rrb
rrb
rrb
rrb
rrb
rrb
rrb
rrb
rrb
rrb
rrb
pb
sb
0
-26
-100
-113
-91
-115
-130
-230
-282
-319
-343
-392
-396
-411
-373
-105
-359
-442
-446
-460
-578
-448
-456
-470
-479
-483
-486
-512
-520
-570
-571
-581
-582
-595
-602
-621
-626
-631
-667
-670
-676
-684
-690
-719
-721
-724
-726
-750
-765
-771
-775
-816
-833
-835
-839
-844
-856
-862
-881
-884
-894
-902
-903
-906
-930
-931
-932
-954
-965
-980
-989
-993
-999
-843
-30
-33
-38
-59
-121
-65
-182
-249
-275
-383
-529
-328
-371
-331
lit1 20, lit2 0 
rb
rb
rb
rb
rb
rb
rb
rb
rb
rb
rb
rb
rb
rb
rb
rb
rb
rb
rb
pb
sb
-460
-510
-578
-448
-456
-470
-479
-483
-486
-512
-520
-570
-571
-581
-582
-595
-602
-621
-626
-631
-667
-670
-676
-684
-690
-719
-721
-724
-726
-750
-765
-771
-775
-816
-833
-835
-839
-844
-856
-862
-881
-884
-894
-902
-903
-906
-930
-931
-932
-954
-965
-980
-989
-993
-999
-843
-30
-33
-38
-59
-121
-65
-182
-249
-275
-383
-529
-328
-371
-331
0
-26
-100
-113
-91
-115
-130
-230
-282
-319
-343
-392
-396
-411
-373
-105
-359
-442
-446
lit1 0, lit2 56 
rrb
rrb
rrb
rrb
rrb
rrb
rrb
rrb
rrb
rrb
rrb
rrb
rrb
rrb
rrb
rrb
rrb
rrb
rrb
rrb
rrb
rrb
rrb
rrb
rrb
rrb
rrb
rrb
rrb
rrb
pb
sb
-59
-67
-121
-65
-182
-249
-275
-383
-529
-328
-371
-331
0
-26
-100
-113
-91
-115
-130
-230
-282
-319
-343
-392
-396
-411
-373
-105
-359
-442
-446
-460
-510
-578
-448
-456
-470
-479
-483
-486
-512
-520
-570
-571
-581
-582
-595
-602
-621
-626
-631
-667
-670
-676
-684
-690
-719
-721
-724
-726
-750
-765
-771
-775
-816
-833
-835
-839
-844
-856
-862
-881
-884
-894
-902
-903
-906
-930
-931
-932
-954
-965
-980
-989
-993
-999
-843
-30
-33
-38
lit1 33, lit2 0 
rb
rb
rb
rb
rb
rb
rb
rb
rb
rb
rb
rb
rb
rb
rb
rb
rb
rb
rb
rb
rb
rb
rb
rb
rb
rb
rb
rb
rb
rb
rb
rb
pb
sb
-510
-559
-578
-448
-456
-470
-479
-483
-486
-512
-520
-570
-571
-581
-582
-595
-602
-621
-626
-631
-667
-670
-676
-684
-690
-719
-721
-724
-726
-750
-765
-771
-775
-816
-833
-835
-839
-844
-856
-862
-881
-884
-894
-902
-903
-906
-930
-931
-932
-954
-965
-980
-989
-993
-999
-843
-30
-33
-38
-59
-67
-121
-65
-182
-249
-275
-383
-529
-328
-371
-331
0
-26
-100
-113
-91
-115
-130
-230
-282
-319
-343
-392
-396
-411
-373
-105
-359
-442
-446
-460
lit1 0, lit2 56 
rrb
rrb
rrb
rrb
rrb
rrb
rrb
rrb
rrb
rrb
rrb
rrb
rrb
rrb
rrb
rrb
rrb
rrb
rrb
rrb
rrb
rrb
rrb
rrb
rrb
pb
sb
-383
-405
-529
-328
-371
-331
0
-26
-100
-113
-91
-115
-130
-230
-282
-319
-343
-392
-396
-411
-373
-105
-359
-442
-446
-460
-510
-559
-578
-448
-456
-470
-479
-483
-486
-512
-520
-570
-571
-581
-582
-595
-602
-621
-626
-631
-667
-670
-676
-684
-690
-719
-721
-724
-726
-750
-765
-771
-775
-816
-833
-835
-839
-844
-856
-862
-881
-884
-894
-902
-903
-906
-930
-931
-932
-954
-965
-980
-989
-993
-999
-843
-30
-33
-38
-59
-67
-121
-65
-182
-249
-275
lit1 2, lit2 0 
rb
pb
sb
-405
-425
-529
-328
-371
-331
0
-26
-100
-113
-91
-115
-130
-230
-282
-319
-343
-392
-396
-411
-373
-105
-359
-442
-446
-460
-510
-559
-578
-448
-456
-470
-479
-483
-486
-512
-520
-570
-571
-581
-582
-595
-602
-621
-626
-631
-667
-670
-676
-684
-690
-719
-721
-724
-726
-750
-765
-771
-775
-816
-833
-835
-839
-844
-856
-862
-881
-884
-894
-902
-903
-906
-930
-931
-932
-954
-965
-980
-989
-993
-999
-843
-30
-33
-38
-59
-67
-121
-65
-182
-249
-275
-383
lit1 0, lit2 6 
rb
rb
rb
rb
rb
rb
rb
pb
sb
-26
-70
-100
-113
-91
-115
-130
-230
-282
-319
-343
-392
-396
-411
-373
-105
-359
-442
-446
-460
-510
-559
-578
-448
-456
-470
-479
-483
-486
-512
-520
-570
-571
-581
-582
-595
-602
-621
-626
-631
-667
-670
-676
-684
-690
-719
-721
-724
-726
-750
-765
-771
-775
-816
-833
-835
-839
-844
-856
-862
-881
-884
-894
-902
-903
-906
-930
-931
-932
-954
-965
-980
-989
-993
-999
-843
-30
-33
-38
-59
-67
-121
-65
-182
-249
-275
-383
-405
-425
-529
-328
-371
-331
0
lit1 8, lit2 0 
rb
rb
rb
rb
rb
rb
rb
pb
sb
-230
-268
-282
-319
-343
-392
-396
-411
-373
-105
-359
-442
-446
-460
-510
-559
-578
-448
-456
-470
-479
-483
-486
-512
-520
-570
-571
-581
-582
-595
-602
-621
-626
-631
-667
-670
-676
-684
-690
-719
-721
-724
-726
-750
-765
-771
-775
-816
-833
-835
-839
-844
-856
-862
-881
-884
-894
-902
-903
-906
-930
-931
-932
-954
-965
-980
-989
-993
-999
-843
-30
-33
-38
-59
-67
-121
-65
-182
-249
-275
-383
-405
-425
-529
-328
-371
-331
0
-26
-70
-100
-113
-91
-115
-130
lit1 4, lit2 0 
rb
rb
rb
pb
sb
-319
-327
-343
-392
-396
-411
-373
-105
-359
-442
-446
-460
-510
-559
-578
-448
-456
-470
-479
-483
-486
-512
-520
-570
-571
-581
-582
-595
-602
-621
-626
-631
-667
-670
-676
-684
-690
-719
-721
-724
-726
-750
-765
-771
-775
-816
-833
-835
-839
-844
-856
-862
-881
-884
-894
-902
-903
-906
-930
-931
-932
-954
-965
-980
-989
-993
-999
-843
-30
-33
-38
-59
-67
-121
-65
-182
-249
-275
-383
-405
-425
-529
-328
-371
-331
0
-26
-70
-100
-113
-91
-115
-130
-230
-268
-282
lit1 0, lit2 7 
rb
rb
rb
rb
rb
rb
rb
pb
sb
-105
-261
-359
-442
-446
-460
-510
-559
-578
-448
-456
-470
-479
-483
-486
-512
-520
-570
-571
-581
-582
-595
-602
-621
-626
-631
-667
-670
-676
-684
-690
-719
-721
-724
-726
-750
-765
-771
-775
-816
-833
-835
-839
-844
-856
-862
-881
-884
-894
-902
-903
-906
-930
-931
-932
-954
-965
-980
-989
-993
-999
-843
-30
-33
-38
-59
-67
-121
-65
-182
-249
-275
-383
-405
-425
-529
-328
-371
-331
0
-26
-70
-100
-113
-91
-115
-130
-230
-268
-282
-319
-327
-343
-392
-396
-411
-373
lit1 7, lit2 0 
rb
rb
rb
rb
rb
rb
pb
sb
-510
-522
-559
-578
-448
-456
-470
-479
-483
-486
-512
-520
-570
-571
-581
-582
-595
-602
-621
-626
-631
-667
-670
-676
-684
-690
-719
-721
-724
-726
-750
-765
-771
-775
-816
-833
-835
-839
-844
-856
-862
-881
-884
-894
-902
-903
-906
-930
-931
-932
-954
-965
-980
-989
-993
-999
-843
-30
-33
-38
-59
-67
-121
-65
-182
-249
-275
-383
-405
-425
-529
-328
-371
-331
0
-26
-70
-100
-113
-91
-115
-130
-230
-268
-282
-319
-327
-343
-392
-396
-411
-373
-105
-261
-359
-442
-446
-460
lit1 0, lit2 57 
rrb
rrb
rrb
rrb
rrb
rrb
rrb
rrb
rrb
rrb
rrb
rrb
rrb
rrb
rrb
rrb
rrb
rrb
rrb
rrb
rrb
rrb
rrb
rrb
rrb
rrb
rrb
rrb
rrb
rrb
rrb
rrb
rrb
rrb
rrb
rrb
rrb
rrb
rrb
rrb
rrb
pb
sb
-30
-31
-33
-38
-59
-67
-121
-65
-182
-249
-275
-383
-405
-425
-529
-328
-371
-331
0
-26
-70
-100
-113
-91
-115
-130
-230
-268
-282
-319
-327
-343
-392
-396
-411
-373
-105
-261
-359
-442
-446
-460
-510
-522
-559
-578
-448
-456
-470
-479
-483
-486
-512
-520
-570
-571
-581
-582
-595
-602
-621
-626
-631
-667
-670
-676
-684
-690
-719
-721
-724
-726
-750
-765
-771
-775
-816
-833
-835
-839
-844
-856
-862
-881
-884
-894
-902
-903
-906
-930
-931
-932
-954
-965
-980
-989
-993
-999
-843
lit1 6, lit2 0 
rb
rb
rb
rb
rb
pb
sb
rb
rb
rb
rb
rb
rb
rb
rb
rb
rb
rb
rb
rb
rb
rb
rb
rb
rb
rb
rb
rb
rb
rb
rb
rb
rb
rb
rb
rb
rb
rb
rb
rb
rb
rb
rb
pa
pa
pa
pa
pa
pa
pa
pa
pa
pa
pa
pa
pa
pa
pa
pa
pa
pa
pa
pa
pa
pa
pa
pa
pa
pa
pa
pa
pa
pa
pa
pa
pa
pa
pa
pa
pa
pa
pa
pa
pa
pa
pa
pa
pa
pa
pa
pa
pa
pa
pa
pa
pa
pa
pa
pa
pa
pa
pa
pa
pa
pa
pa
pa
pa
pa
pa
pa
pa
pa
pa
pa
pa
pa
pa
pa
pa
pa
pa
pa
pa
pa
pa
pa
pa
pa
pa
pa
pa
pa
pa
pa
pa
pa
pa
pa
pa
pa
pa
pa
-442
-359
-261
-105
-373
-411
-396
-392
-343
-327
-319
-282
-268
-230
-130
-115
-91
-113
-100
-70
-26
0
-331
-371
-328
-529
-425
-405
-383
-275
-249
-182
-65
-121
-101
-67
-59
-38
-33
-31
-30
-843
-999
-993
-989
-980
-965
-954
-932
-931
-930
-906
-903
-902
-894
-884
-881
-862
-856
-844
-839
-835
-833
-816
-775
-771
-765
-750
-726
-724
-721
-719
-690
-684
-676
-670
-667
-631
-626
-621
-602
-595
-582
-581
-571
-570
-520
-512
-486
-483
-479
-470
-456
-448
-578
-559
-522
-510
-460
-446
